usdata = [...
  0.093545896	0.165126769	0.007350628	0.342432837	1.502565884	-0.171930877
0.090560819	0.16107848	0.005615506	0.346160707	0.861881685	-0.214338789
0.096026671	0.158930006	0.004324607	0.352189012	1.051876312	-0.145742188
0.081551749	0.159284468	0.0037531	0.352651226	0.823902259	0.112507453
0.082556774	0.159402594	0.002136205	0.351263942	1.021437362	-0.134370596
0.083058908	0.145760003	0.000965434	0.353113226	1.631830903	-0.402711119
0.080042315	0.134796795	-0.00013185	0.352651226	0.627708077	-0.31657552
0.08406242	0.129229789	-0.00123034	0.357261653	0.945535349	-0.072957273
0.08406242	0.115966753	-0.001555125	0.355880756	1.12205786	-0.093113319
0.082556774	0.106874236	-0.00185502	0.353113226	0.669900972	-0.071373784
0.089064932	0.098494868	-0.00185502	0.345695482	0.94754933	-0.159085469
0.086066429	0.095427061	-0.00185502	0.339159511	1.064756851	-0.290918325
0.087566805	0.090525665	-0.00185502	0.329274752	1.451330145	-0.081403134
0.074994348	0.082251869	-0.00185502	0.321200617	1.41022165	0.207496052
0.071953292	0.07953958	-0.00185502	0.314981989	0.791532586	-0.007651688
0.064821321	0.077475799	-0.001830025	0.30436925	1.129823168	0.315722494
0.066864222	0.07267681	-0.001805031	0.296579532	0.415098116	-0.202674637
0.065843293	0.063429039	-0.00185502	0.294622584	0.955201733	-0.183773401
0.059181726	0.0554439	-0.001905011	0.279324975	2.058137282	-0.391782809
0.058667455	0.047258583	-0.001880015	0.266311779	1.626379411	-0.07662022
0.035247181	0.040200278	-0.001880015	0.254657226	1.374702382	-0.030314164
0.047286059	0.034740825	-0.00185502	0.241833249	1.54269661	0.389791931
0.028908015	0.030496063	-0.001830025	0.228842679	1.401691812	0.384466371
0.02784757	0.029555028	-0.001830025	0.220966556	1.259181038	0.142814088
0.038926554	0.030165842	-0.001830025	0.208768049	0.753338412	0.308717315
0.033666153	0.02975099	-0.001830025	0.200193505	0.608412134	0.148862515
0.021461172	0.028359212	-0.001830025	0.188282157	0.273047094	-0.159777569
-0.000126282	0.025210962	-0.001805031	0.183915338	0.066455089	0.141040636
-0.009443971	0.020165469	-0.001830025	0.175675796	-0.07314159	-0.031376876
-0.064919428	0.014708339	-0.00185502	0.159550899	-0.293277465	-0.015410147
-0.108947954	0.014688838	-0.001930008	0.111321116	0.29879634	0.107608621
-0.002857778	0.021398237	-0.001930008	0.050071299	0.067464624	0.053548632
0.054027075	0.02357706	-0.000431319	0.01765664	0.20353576	-0.387299157
0.047286059	0.020840191	0.001887219	0.013124421	0.362878696	0.027022011
0.047286059	0.016967928	0.001812512	0.007919465	-0.348304316	0.11167196
0.047286059	0.017878111	0.001812512	0.002687275	-0.14125219	-0.093201813
0.044159428	0.018414498	0.001812512	-0.003891696	-0.115820497	-0.266282845
0.043115042	0.016130917	0.002509566	-0.011844025	0.386973571	0.05920376
0.041546414	0.015347775	0.003032039	-0.017850049	-0.417873979	-0.203987989
0.040499294	0.015398445	0.003255872	-0.023219189	-0.159022524	-0.067705439
0.039451076	0.013728898	0.003927072	-0.027940952	-0.597975563	-0.188618121
0.033666153	0.01352977	0.003877369	-0.036087636	0.03754217	0.178858917
0.031025539	0.011403274	0.00390222	-0.042927608	0.013535294	0.40963014
0.026785999	0.006122242	0.003976772	-0.044988756	-0.652474666	0.190200224
0.02625479	0.000496736	0.003951922	-0.048433472	-1.117272645	0.029330794
0.02784757	-0.003721408	0.003927072	-0.051197814	-1.490100822	0.051448282
0.022528408	-0.005626189	0.003927072	-0.056749528	-1.870225408	-0.169175594
0.018252613	-0.002427115	0.003603958	-0.064433813	-1.951507371	-0.131812065
0.022528408	0.000927855	0.00342993	-0.065135322	-1.990356168	-0.494387607
0.018788089	-0.000837349	0.003405067	-0.065837322	-1.963492919	-0.073637693
0.020927127	-0.0019987	0.002808156	-0.067946286	-2.050673109	-0.169525263
0.016107841	-0.002554088	0.002708636	-0.070765175	-1.90766189	-0.023391683
0.016107841	-0.002621549	0.002708636	-0.072884568	-1.834459106	0.013130926
0.014496237	-0.004214156	0.00248468	-0.077847357	-1.649641446	-0.211487091
0.011804445	-0.008364448	0.002185994	-0.082834899	-1.89982819	-0.297497417
0.004771687	-0.01233166	0.0021611	-0.085696131	-1.466122189	0.317462483
0.008564701	-0.014590233	0.001712893	-0.090003388	-1.873801878	-0.465237754
0.003685321	-0.019114673	0.001488714	-0.092163994	-1.529816212	0.308486509
0.002053555	-0.022618648	0.001463802	-0.093606996	-1.617604976	-0.968849483
-0.000126282	-0.024547633	0.00118973	-0.096499261	-0.243097217	-0.110321187
-0.007793352	-0.023959628	0.000840803	-0.098673963	-0.595399648	0.866182542
-0.012201072	-0.023983952	0.000815875	-0.102309009	-2.227623677	0.386306976
-0.013858989	-0.02335171	0.000815875	-0.105226589	-3.269238991	0.025413453
-0.013306045	-0.028632647	8.41E-04	-0.109618983	-2.495457638	0.174861359
-0.018293586	-0.031622625	0.000815875	-0.114030754	-2.699908358	0.287671857
-0.023864631	-0.030932464	0.000541626	-0.116243961	-3.572549378	-0.279306524
-0.021075229	-0.031839164	0.000217416	-0.119943558	-2.710301362	0.409739228
-0.024982574	-0.032693521	0.000192473	-0.124401218	-3.350724338	0.368220146
-0.026101769	-0.035654666	-8.19477E-05	-0.130375843	-4.727009141	-0.071415111
-0.027782912	-0.036467134	-0.00040636	-0.134880356	-4.637539413	0.151664879
-0.032843367	-0.039608312	-0.000431319	-0.14091811	-4.323698715	0.181144001
-0.029466887	-0.045419125	-0.00070591	-0.143191699	-4.852581635	-0.060193035
-0.032843367	-0.045746393	-0.001030525	-0.148516931	-6.007554968	0.04268938
-0.039063348	-0.044189721	-1.06E-03	-0.153870672	-5.97765988	0.043492714
-0.039063348	-0.045435693	-1.06E-03	-0.158482517	-5.61131654	-0.014218149
-0.041334785	-0.047836804	-0.0010555	-0.164664917	-5.727772412	0.00709705
-0.038496293	-0.048675855	-0.001080475	-0.16932693	-6.237222151	-0.210270253
-0.039063348	-0.047052387	-1.11E-03	-0.174793558	-5.754760382	-0.103030749
-0.045322259	-0.050385211	-0.001130428	-0.180290235	-5.136164597	0.365250521
-0.043611394	-0.054451978	-0.001130428	-0.187402078	-6.512405454	-0.004534931
-0.047607974	-0.059181843	-0.001155405	-0.192171563	-6.314348751	-0.035584797
-0.050472485	-0.063478599	-0.001105451	-0.198566469	-5.786148926	-0.02682236
-0.047036055	-0.064301337	-0.001205361	-0.20904621	-5.940692065	0.004114394
-0.046464463	-0.065953074	-0.00145518	-0.213106305	-5.83121184	-0.25025706
-0.05162059	-0.062530126	-0.001755045	-0.220456277	-6.168322599	0.268501629
-0.052195138	-0.060417215	-0.001755045	-0.222918321	-6.330519197	0.179663972
-0.052195138	-0.05996743	-0.001705061	-0.227860671	-6.91584219	0.070872572
-0.055072838	-0.058409461	-0.001705061	-0.231998037	-7.379001634	-0.075361828
-0.052195138	-0.05699218	-0.001730053	-0.236152592	-6.399931939	-0.218426808
-0.063174734	-0.057059225	-0.001730053	-0.24032448	-6.971922255	0.065758573
-0.055072838	-0.060555975	-0.001755045	-0.242835992	-7.443589942	-0.044154972
-0.059115581	-0.06564026	-0.001755045	-0.247035914	-7.16455997	-0.030781837
-0.067834032	-0.067671069	-0.001780038	-0.24787802	-6.76443629	-0.189780128
-0.06666717	-0.07360515	-0.001780038	-0.258890414	-7.033486146	0.028813285
-0.067250431	-0.077938791	-0.001780038	-0.264014251	-7.218832215	-0.010144771
-0.07251514	-0.073221791	-0.001755045	-0.27088713	-6.396885552	-0.42145905
-0.068417973	-0.067535554	-0.001830025	-0.274341365	-7.169227195	-0.153291024
-0.073688849	-0.062121506	-0.001830025	-0.279545193	-7.514018468	-0.032406943
-0.078987655	-0.059606067	-0.001830025	-0.282157297	-6.949203791	-0.223555767
-0.083128448	-0.060358353	-0.001830025	-0.284776242	-6.290437226	-0.231534347
-0.087286458	-0.058686442	-0.001830025	-0.2900348	-7.149446063	-0.228864984
-0.094454947	-0.058296172	-0.001805031	-0.294438153	-7.6193119	-0.03330666
-0.094454947	-0.060156567	-0.001830025	-0.300635606	-7.213938438	-0.041365539
-0.09866042	-0.063643092	-0.001830025	-0.30597845	-6.676102047	0.21074447
-0.092658001	-0.066934424	-0.00185502	-0.309556271	-7.911408869	-0.185901604
