x = 1:20;

% Data for Output gap
y_gap=[0.178169214211967,0.140619532667197,0.101046718937140,0.0733715591622669,0.0531641922180688,0.0384706337691588,0.0277948341618949,0.0200530710922052,0.0144499434765465,0.0104019725357547,0.00748203883850349,0.00537845712659383,0.00386450834501988,0.00277575900848355,0.00199324554597580,0.00143107436188529,0.00102732748638173,0.000737424755676037,0.000529298538070248,0.000379897468962243]';
z_gap=[0.195891529925213,-0.112721116692010,-0.191629850723005,-0.186745258705949,-0.155860717385688,-0.121250010600218,-0.0907240463683379,-0.0662641211462128,-0.0476256727665943,-0.0338462820168230,-0.0238588444615414,-0.0167181592158620,-0.0116624995758956,-0.00810856866508767,-0.00562350732096453,-0.00389271367249136,-0.00269082344225493,-0.00185806594206165,-0.00128202955825232,-0.000884066425355254]';

% Data for Traditional sectoral Price level
y_inflation_m=[-0.0223600743916441,-0.0147535626568528,-0.0103503023034112,-0.00722683027688946,-0.00506865084526935,-0.00356903944269209,-0.00252287701580516,-0.00178948555691931,-0.00127293970086763,-0.000907595018709020,-0.000648276365817539,-0.000463685997855064,-0.000331994169033844,-0.000237880795633198,-0.000170537106935525,-0.000122303927278852,-8.77351771705813e-05,-6.29481458550227e-05,-4.51692160550618e-05,-3.24141752189517e-05]';
z_inflation_m=[0.112065392955780,0.0717141759700039,0.0429406855755059,0.0248120566458084,0.0140644129346902,0.00790292824207314,0.00443611824156726,0.00250320172966280,0.00142761381681300,0.000826677863320576,0.000487777797007339,0.000293940533072503,0.000181051349417925,0.000113913375829113,7.30785906524592e-05,4.76789871422042e-05,3.15446051426680e-05,2.11030382642519e-05,1.42387720968940e-05,9.66872360338288e-06]';

% Data for Cryptocurrency sectoral price level
y_inflation_c=[-0.0376100209182138,-0.00776094080025950,-0.00765039652170207,-0.00548166138655271,-0.00394918237562653,-0.00280749497600099,-0.00198764887625133,-0.00140572658459667,-0.000995007981156026,-0.000705507249987914,-0.000501253700475767,-0.000356845764020467,-0.000254495924278850,-0.000181776742641813,-0.000129995581131835,-9.30544344652156e-05,-6.66600042176290e-05,-4.77785233269781e-05,-3.42590589388233e-05,-2.45722185639083e-05]';
z_inflation_c=[0.389392965812215,0.0908808467366195,-0.00778389399984191,-0.0344664231510099,-0.0363910081247083,-0.0308662253321669,-0.0240564125932854,-0.0179742014193674,-0.0131070835787975,-0.00941110029876978,-0.00668622221460067,-0.00471435102628375,-0.00330532850009935,-0.00230756209956424,-0.00160572990323170,-0.00111454823788444,-0.000772117287070631,-0.000534096814591545,-0.000369028713852083,-0.000254754249041757]';

% Data for Bilateral Relative Price
y_s=[-0.0178949329017162,-0.0110468675071560,-0.00775481079814393,-0.00535873607223259,-0.00372176458663052,-0.00259630765161851,-0.00182032760557622,-0.00128237611196944,-0.000907219117309169,-0.000644082633689178,-0.000458567827220324,-0.000327209362148012,-0.000233870934865995,-0.000167365882618240,-0.000119880940423794,-8.59237695141691e-05,-6.16130417532661e-05,-4.41943727559202e-05,-3.17068071559636e-05,-2.27508938288769e-05]';
z_s=[0.245916982758296,0.250652756359264,0.197612261694194,0.142698150813235,0.0993599090085488,0.0681374106876344,0.0464683886706460,0.0316582103723602,0.0215886128806592,0.0147460281832764,0.0100896255107098,0.00691428237881486,0.00474432711752409,0.00325865762802816,0.00223992856597424,0.00154054468502971,0.00105996380040176,0.000729512167630970,0.000502181068470684,0.000345737461136361]';

% Data for Crypytocurrency real balance
y_cc=[1.33523000505501,0.958677794113404,0.688187349039887,0.493982074178035,0.354561965298068,0.254482202261478,0.182646840274686,0.131087122650360,0.0940813412310537,0.0675218355853847,0.0484599932927771,0.0347793560071836,0.0249608426264836,0.0179141718214719,0.0128568379479569,0.00922723599657815,0.00662230454617790,0.00475276942696606,0.00341102118684828,0.00244806054849736]';
z_cc=[1.29634521548609,0.882736831509076,0.601939947265309,0.411059130593455,0.281096268439103,0.192463996592185,0.131922692994125,0.0905095544531209,0.0621450734636201,0.0426967772569804,0.0293498629571613,0.0201833924359350,0.0138842214035592,0.00955338493428942,0.00657470907627187,0.00452542708112384,0.00311523535211347,0.00214465956725425,0.00147656579157652,0.00101663979560361]';

% Data for Interest rate
y_interest_rate=[0.00385126637866141,0.00209289193313343,0.00104343738807068,0.000485430383097433,0.000199392666763080,6.11536850569303e-05,-2.29435155339400e-07,-2.34650025544711e-05,-2.89314822712798e-05,-2.69337279307081e-05,-2.24270238490292e-05,-1.76242877132055e-05,-1.33900880367434e-05,-9.96257089307070e-06,-7.31415915934220e-06,-5.32372873932109e-06,-3.85346508879057e-06,-2.77933260523133e-06,-2.00012091597302e-06,-1.43739004902167e-06]';
z_interest_rate=[0.0549464920660425,0.0597539739959142,0.0534242645199732,0.0435632388143194,0.0336891601064225,0.0251872628014036,0.0184047216656826,0.0132339544545382,0.00940639489307304,0.00662961397718332,0.00464358528168791,0.00323760152619824,0.00224966229694624,0.00155926778272862,0.00107875003647656,0.000745301501913961,0.000514415296469176,0.000354801146587064,0.000244586827640360,0.000168547552126407]';

% Data for Traditional money (real balance)
y_traditional_balance=[0.123995862370902,0.0894018052119681,0.0642540679006300,0.0461241632280584,0.0330873040296605,0.0237284890827505,0.0170156614692799,0.0122024739581374,0.00875165711948269,0.00627745065856775,0.00450324512662281,0.00323081157706682,0.00231811190049689,0.00166336198384830,0.00119360959755268,0.000856555482797819,0.000614698131489521,0.000441141545582934,0.000316592773117406,0.000227210800079657]';
z_traditional_balance=[0.282930655198392,0.203899349678835,0.147622801301984,0.106606652268701,0.0765608552630277,0.0546333494189608,0.0387456800983597,0.0273262852141609,0.0191809102645574,0.0134099775434257,0.00934474322752763,0.00649468676823986,0.00450433315515407,0.00311871307368768,0.00215650002017315,0.00148963267098428,0.00102817210784605,0.000709234020475413,0.000489005110024332,0.000337043828281247]';

% Data for Output in traditional money sector
y_so_m=[-0.143705532895174,-0.0838250524365889,-0.0594026051582435,-0.0410575457840612,-0.0285360859435480,-0.0199130794507247,-0.0139634031524588,-0.00983708740245981,-0.00695898428630672,-0.00494021046575948,-0.00351701439916762,-0.00250936840897033,-0.00179344031695657,-0.00128337700641844,-0.000919218476547418,-0.000658820900744612,-0.000472406267098945,-0.000338845534936136,-0.000243097962530848,-0.000174430723725952]';
z_so_m=[0.823850892873408,0.619368518405102,0.407111249191000,0.252250460531319,0.152109394542588,0.0908153879558651,0.0542613686601886,0.0326768988841458,0.0199269520336205,0.0123389251927257,0.00776645911755016,0.00496786096844896,0.00322538529203907,0.00212160036839420,0.00141093871528291,0.000946699829497310,0.000639663666547882,0.000434528497342523,0.000296367630273772,0.000202734766111391]';

y_so_c=[0.0173488632202717,0.0155967551278140,0.0103906920250512,0.00717107886603154,0.00495979533612631,0.00345368941384162,0.00241954529772698,0.00170429760526499,0.00120598776947571,0.000856533237443058,0.000610096045815248,0.000435515850361747,0.000311398096837360,0.000222915937145698,0.000159709987266719,0.000114493024882901,8.21111086804436e-05,5.89038198671414e-05,4.22633018728207e-05,3.03273207339378e-05]';

% Data for Consumption
y_consumption=[-0.0792837744489945,-0.0440563294108279,-0.0314852862849257,-0.0217660959240242,-0.0151377334316783,-0.0105663719048982,-0.00741022377238454,-0.00522053339936991,-0.00369299546399376,-0.00262151298447847,-0.00186617022117448,-0.00133141470523750,-0.000951504951439005,-0.000680859828992788,-0.000487647091021765,-0.000349495330493609,-0.000250599316787191,-0.000179745793014826,-0.000128953456769381,-9.25275059419963e-05]';
