x = 1:20;

% Data for Output gap
y_gap=[0.0139537295443146,-0.161306220731092,-0.126433574202021,-0.0767741236768174,-0.0382204647750926,-0.0149119428122448,-0.00289567263824571,0.00228361617827826,0.00385727638159871,0.00378140116426751,0.00310462800841227,0.00232609005056547,0.00164670866589721,0.00112139056426671,0.000742416045085878,0.000481142657306684,0.000306694983026998,0.000192953974461062,0.000120131117636771,7.41651598619066e-05]';
z_gap=[-0.121639594555698,-0.0531502681931724,0.00986082305696600,0.0534284078632313,0.0734550793617259,0.0753448918238774,0.0668384320834877,0.0542012361727003,0.0413229912481030,0.0301138084438364,0.0212025365502229,0.0145301309865126,0.00974381910131019,0.00641948842122385,0.00416788852558832,0.00267315901151359,0.00169694260056716,0.00106789352501435,0.000667071805778468,0.000414069465293378]';

% Data for Traditional sectoral Price level
y_inflation_m=[-0.0130107709913359,-0.0187404035872026,-0.00920570437126550,-0.00175036021007791,0.00230205323752314,0.00377398218357097,0.00380864649688247,0.00322267947714984,0.00247927284360001,0.00179525367348278,0.00124628631276323,0.000838757973705218,0.000551275218814883,0.000355667995297116,0.000226100818973535,0.000142031324275144,8.83613926638756e-05,5.45397922956470e-05,3.34477788023420e-05,2.04052744280431e-05]';
z_inflation_m=[-0.211570213436227,-0.122926826109868,-0.0503135098065251,-0.00827977942092070,0.0108948269723226,0.0168546374436358,0.0164373005549010,0.0135946029141662,0.0103010004308334,0.00738780124399963,0.00510142000781667,0.00342633246652662,0.00225321699246398,0.00145745647555522,0.000930341417990232,0.000587515777395768,0.000367754294119202,0.000228514172701814,0.000141128219583358,8.67144827684855e-05]';

% Data for Cryptocurrency sectoral price level
y_inflation_c=[0.318705201480692,-0.0335804981144113,-0.0797730648230166,-0.0758724126385094,-0.0563250169350738,-0.0376249288871770,-0.0236394686301030,-0.0142719599000406,-0.00837884934196760,-0.00481955725014553,-0.00273033519856526,-0.00152936259541720,-0.000849684274565754,-0.000469485191327290,-0.000258606667381817,-0.000142317513885716,-7.84063890463602e-05,-4.33228354677755e-05,-2.40470613458457e-05,-1.34270946217936e-05]';
z_inflation_c=[0.0409943681373175,-0.0174484712201605,-0.0678660746197372,-0.0774901900461887,-0.0649042372341080,-0.0465481032275138,-0.0302755232769690,-0.0183400920441307,-0.0104796322076532,-0.00567257910768060,-0.00289975173449200,-0.00138167147651104,-0.000593432329802202,-0.000208715672322425,-3.62891766735418e-05,3.04913168785272e-05,4.83625180556539e-05,4.60164845132192e-05,3.70796352345504e-05,2.74559783452275e-05]';

% Data for Bilateral Relative Price
y_s=[0.000378671510169484,-0.0253163458680350,-0.0181539568440987,-0.00912791785323490,-0.00280140985551719,0.000542392806980411,0.00187335287659521,0.00210860785443774,0.00185720289371520,0.00145650971801580,0.00106579912737697,0.000744479430937615,0.000502947948531135,0.000331354563787938,0.000214103576898806,0.000136234484917373,8.56266740576031e-05,5.32862706710908e-05,3.28940758882318e-05,2.01730299204667e-05]';
z_s=[-0.552571218102395,-0.468751112186017,-0.294163229908601,-0.160288217565737,-0.0786897837670861,-0.0345308893517041,-0.0126981085137193,-0.00288618346130146,0.000947289102393795,0.00204319792111085,0.00202151218881634,0.00163533578612436,0.00120255955074990,0.000836199338201060,0.000560488818035161,0.000366110041977162,0.000234641546221441,0.000148228705203622,9.25967711551481e-05,5.73357390461357e-05]';

% Data for Crypytocurrency real balance
y_cc=[-0.0911112096590166,-0.0344448207442499,-0.0101539905715425,-0.000805680551360091,0.00213801756577669,0.00255971641050706,0.00214627035390654,0.00157349021870362,0.00107456479046843,0.000702524106395851,0.000446101921592448,0.000277541006910414,0.000170143886241604,0.000103188437395829,6.20920807106085e-05,3.71524980715029e-05,2.21424076613243e-05,1.31620481699487e-05,7.81151913526040e-06,4.63246464549456e-06]';
z_cc=[-0.584737361742363,-0.375903214265260,-0.229615097067661,-0.135263368196213,-0.0774894276502391,-0.0433863218378594,-0.0238131236405745,-0.0128341128132821,-0.00679670143714991,-0.00353606921702821,-0.00180520529549594,-0.000902170164545050,-0.000439567031804583,-0.000207356691581091,-9.35517585446723e-05,-3.94244831471354e-05,-1.47018615787632e-05,-4.06825549476140e-06,5.98920261122852e-08,1.34058148897577e-06]';

% Data for Interest rate
y_interest_rate=[0.00201246039662407,-0.0122610347100677,-0.0196382539902269,-0.0207570196508701,-0.0183113099304629,-0.0145692172702250,-0.0108378895589224,-0.00768977301266872,-0.00526861448846475,-0.00351444174109942,-0.00229561394844588,-0.00147456060012578,-0.000934422619607684,-0.000585638454629577,-0.000363738403495517,-0.000224246660382386,-0.000137410153644097,-8.37815331749927e-05,-5.08763898672175e-05,-3.07935753538276e-05]';
z_interest_rate=[-0.0339316151279424,-0.0717884989267411,-0.0829401047337367,-0.0770396708087536,-0.0636416093103703,-0.0488246127164326,-0.0355926672092615,-0.0249957338188797,-0.0170618963430653,-0.0113897430324197,-0.00746878512560119,-0.00482694625772745,-0.00308237688079136,-0.00194876092052641,-0.00122176544570213,-0.000760574487359797,-0.000470641103639365,-0.000289750726862126,-0.000177613807866273,-0.000108474478889670]';

% Data for Traditional money (real balance)
y_traditional_balance=[0.160322645202769,0.143632836951386,0.106364258356919,0.0718430672084337,0.0459972912496876,0.0284446026501359,0.0171754274104109,0.0101974439662931,0.00598232755900306,0.00348030645131364,0.00201352197275769,0.00116109447543532,0.000668574853787319,0.000384995310285852,0.000221976786167417,0.000128266769450803,7.43319545842838e-05,4.32208130840998e-05,2.52219096173262e-05,1.47728514573477e-05]';
z_traditional_balance=[0.696331893109094,0.610156966837396,0.444255004832416,0.295770741289676,0.186713849377624,0.113767046463210,0.0675864777227660,0.0393968418883468,0.0226302550872865,0.0128496931080664,0.00722936317965414,0.00403771814605779,0.00224229514445186,0.00123986908660137,0.000683492855752414,0.000376078878150227,0.000206774670134999,0.000113725198283371,6.26334831857774e-05,3.45760367208358e-05]';

% Data for Output in traditional money sector
y_so_m=[0.0969332266855106,-0.179679477617815,-0.138732420021799,-0.0744493647359692,-0.0262379066549115,0.000382622976710602,0.0117101617247603,0.0144216453701017,0.0131374408242123,0.0104903915692507,0.00776380915208281,0.00546564776197611,0.00371350259652572,0.00245711742155855,0.00159298716681854,0.00101631182029948,0.000640134055000131,0.000399043809347091,0.000246674600495715,0.000151448395738278]';
z_so_m=[-1.82813636576477,-1.49597423706965,-0.873297606407509,-0.408291408401105,-0.138285443765185,-0.00624427545111657,0.0459201445063895,0.0578792316085920,0.0525656591804695,0.0417584017913755,0.0307935609969637,0.0216476156942430,0.0147181111378510,0.00976320487236429,0.00635533163800812,0.00407604909429031,0.00258328483220438,0.00162143843370022,0.00100965189387980,0.000624567179130868]';

y_so_c=[0.0935251830939852,0.0481676351944983,0.0246531915750883,0.00770189594314438,-0.00102521795525709,-0.00449891228611319,-0.00515001416459663,-0.00455582531983798,-0.00357738521922452,-0.00261819589289152,-0.00182838299430987,-0.00123466711646241,-0.000813028940254495,-0.000525073652532890,-0.000333945025270708,-0.000209798543956877,-0.000130506011518296,-8.05326266927253e-05,-4.93720824983709e-05,-3.01088735459220e-05]';

% Data for Consumption
y_consumption=[0.0955700092489005,-0.0885406324928886,-0.0733781753830434,-0.0415888604643235,-0.0161528311750496,-0.00156999112841884,0.00496609136901753,0.00683065709412582,0.00645151040683756,0.00524695658439381,0.00392693229352574,0.00278552181060070,0.00190288998181363,0.00126424099192197,0.000822214289982841,0.000525867674596939,0.000331878028392760,0.000207213234931164,0.000128255927298081,7.88254880245979e-05]';
