x = 1:20;

% Data for Output gap
y_gap=[-0.000828285247366317,0.00108969551233692,0.00197634414883561,0.00219959005797009,0.00193522178719713,0.00149641482696931,0.00106470130334291,0.000714483347373763,0.000458939511742284,0.000284873302525447,0.000171987343894759,0.000101458363727341,5.86798914255012e-05,3.33579009154442e-05,1.86747394858735e-05,1.03111008512365e-05,5.62153073005438e-06,3.02897529936223e-06,1.61410303816506e-06,8.51117862995696e-07]';
z_gap=[-0.0271711981626241,-0.0238800617537914,-0.0106280461859316,-0.00108365896555811,0.00350217650134958,0.00479450838700631,0.00445174154538576,0.00352744639532892,0.00255412679339840,0.00174253540879891,0.00113898346128355,0.000720564655826835,0.000444188100650964,0.000268060979763669,0.000158909426143810,9.27728293822677e-05,5.34435391792415e-05,3.04253734031023e-05,1.71383427323634e-05,9.56127039082894e-06]';

% Data for Traditional sectoral Price level
y_inflation_m=[0.000945566928286755,0.00114525221432755,0.00105539429734052,0.000851591330318598,0.000626133849818348,0.000431189625315374,0.000282802324857667,0.000178587326580203,0.000109396099672916,6.53468233160898e-05,3.82110169124983e-05,2.19352718848238e-05,1.23890860277710e-05,6.89623924399928e-06,3.78821717374828e-06,2.05567551857579e-06,1.10285900961376e-06,5.85327549842871e-07,3.07461871520168e-07,1.59895915701913e-07]';
z_inflation_m=[0.00914067237176987,0.0101380903678715,0.00915433908477801,0.00726385943709168,0.00529363226553033,0.00363446988913409,0.00238785278767717,0.00151655503014393,0.000937554837427195,0.000566960350097387,0.000336577153712326,0.000196681167333997,0.000113366466591050,6.45580343985906e-05,3.63675074669470e-05,2.02869487092376e-05,1.12154285714589e-05,6.14891421224160e-06,3.34500217435181e-06,1.80632498059523e-06]';

% Data for Cryptocurrency sectoral price level
y_inflation_c=[0.00625758716393175,0.00111919650623387,-0.000559827928319786,-0.000604995397329759,-0.000365235523201274,-0.000160797145454730,-4.26924618416452e-05,1.08656664025279e-05,2.80796924483225e-05,2.85084183512893e-05,2.29704188817770e-05,1.65253849407131e-05,1.10879059752375e-05,7.08815513788060e-06,4.37012390676153e-06,2.61852926602897e-06,1.53270212415327e-06,8.79561913933966e-07,4.96166516764493e-07,2.75672789985278e-07]';
z_inflation_c=[0.0751447065957997,0.00880684571467363,-0.00855211010985558,-0.00973941497968483,-0.00696699501202413,-0.00416065212881040,-0.00220986810261294,-0.00105520456568006,-0.000441243264185492,-0.000144922739084508,-1.76355758878923e-05,2.73572301804232e-05,3.62413217470653e-05,3.16646639930508e-05,2.37367912760947e-05,1.63815112156609e-05,1.07220217718557e-05,6.75954758932006e-06,4.14245392246150e-06,2.48233595471604e-06]';

% Data for Bilateral Relative Price
y_s=[-0.000655040289205896,0.000183450111632278,0.000519292912973522,0.000577484164474718,0.000496458801920698,0.000375341531509113,0.000261998827313177,0.000173026659618008,0.000109649324972851,6.72775589198381e-05,4.02098817065169e-05,2.35097952176476e-05,1.34887939853581e-05,7.61236864846308e-06,4.23313198181222e-06,2.32270952751285e-06,1.25886919261416e-06,6.74489807384283e-07,3.57479264664253e-07,1.87502741599863e-07]';
z_s=[0.0115671793972460,0.0159449621360617,0.0149457353484255,0.0117883811129832,0.00841823003683343,0.00563366207962441,0.00360112403420814,0.00222437925550045,0.00133781426173287,0.000787509571164104,0.000455401146169937,0.000259409280179313,0.000145850872086641,8.10649957885273e-05,4.45936575879329e-05,2.43011454489040e-05,1.31281351920645e-05,7.03459807027376e-06,3.74036767025290e-06,1.97404637728801e-06]';

% Data for Crypytocurrency real balance
y_cc=[0.0159364612544061,0.00853839142943849,0.00454524557903624,0.00240449899211226,0.00126376614236433,0.000659821883754899,0.000342178714196790,0.000176237399575218,9.01388524867045e-05,4.57759864812925e-05,2.30784418428630e-05,1.15487227498049e-05,5.73476451660372e-06,2.82502105647724e-06,1.38003906531866e-06,6.68228550458442e-07,3.20534159104360e-07,1.52204993297510e-07,7.14821862911778e-08,3.31652353513067e-08]';
z_cc=[0.233229302539276,0.114055092004794,0.0564838629306310,0.0283547576781997,0.0144331988634663,0.00744705543667334,0.00389106575205624,0.00205576521502535,0.00109627081811971,0.000588924753811998,0.000318101905334166,0.000172449725160298,9.36831522011148e-05,5.09302714000634e-05,2.76769470335599e-05,1.50207539435105e-05,8.13542011920846e-06,4.39473807889262e-06,2.36676392391873e-06,1.27026031578380e-06]';

% Data for Interest rate
y_interest_rate=[0.00938559899959492,0.00343325523944223,0.000932992960481869,3.70660347006324e-06,-0.000261968007566476,-0.000277220294460630,-0.000217806950440699,-0.000150934096739160,-9.73668397322511e-05,-5.98981170538198e-05,-3.55956192509182e-05,-2.05925925565499e-05,-1.16550173645649e-05,-6.47533858655185e-06,-3.53983148609702e-06,-1.90723355975323e-06,-1.01402960839455e-06,-5.32467926289473e-07,-2.76300689604389e-07,-1.41730949840507e-07]';
z_interest_rate=[0.0598795977784609,0.0231646485652068,0.00710014111015982,0.000752783921506657,-0.00130248392893907,-0.00163061165517921,-0.00137419358587748,-0.00100040507959300,-0.000673233643927387,-0.000430946062979366,-0.000266306973360412,-0.000160260720963491,-9.44439149943293e-05,-5.47095779890672e-05,-3.12362099638145e-05,-1.76121158387399e-05,-9.82118224388230e-06,-5.42257271805593e-06,-2.96698954590207e-06,-1.60987137374211e-06]';

% Data for Traditional money (real balance)
y_traditional_balance=[0.237074190073787,0.118618928169414,0.0592122310799687,0.0294858718381305,0.0146457509360378,0.00725546933490435,0.00358463654868029,0.00176615782166378,0.000867776315840882,0.000425187295269315,0.000207758956004442,0.000101244902716541,4.92111689304524e-05,2.38612454306968e-05,1.15436917458142e-05,5.57347926137503e-06,2.68642003296961e-06,1.29316635104076e-06,6.21969718479862e-07,2.99058719000495e-07]';
z_traditional_balance=[1.16356653774224,0.584391904326429,0.291960781259223,0.145034429662316,0.0716024939421289,0.0351103634802390,0.0170873313677243,0.00824610947577039,0.00394147394262120,0.00186317812653251,0.000869311533485312,0.000399248886193789,0.000179797779885338,7.89402033216057e-05,3.34819237926535e-05,1.35023634460546e-05,5.01612872458837e-06,1.58670616621904e-06,3.08185448276920e-07,-9.93174057374911e-08]';

% Data for Output in traditional money sector
y_so_m=[-0.00511250027804223,0.00108631075851798,0.00357651976049674,0.00413019016532539,0.00361864129178663,0.00276952195801239,0.00195015538438411,0.00129648292529867,0.000825948970773992,0.000508984263593697,0.000305324761180799,0.000179084236202634,0.000103038059068663,5.82954868895002e-05,3.24915269991033e-05,1.78657204579447e-05,9.70207596256554e-06,5.20802220165880e-06,2.76521073485082e-06,1.45291987529346e-06]';
z_so_m=[-0.0219033790404711,0.0202314437770146,0.0381997286797383,0.0392834510594885,0.0327602799195653,0.0244300864868713,0.0169717551469895,0.0112214402793181,0.00715154762004391,0.00442920327313428,0.00268066097943846,0.00159172873275837,0.000929978479582536,0.000535808266542884,0.000304940817219384,0.000171659818927702,9.56811508917331e-05,5.28511809698720e-05,2.89499205481412e-05,1.57340420436184e-05]';

y_so_c=[0.000782862324810812,-0.000564740246172963,-0.00109711645626517,-0.00106716731494718,-0.000849487925499700,-0.000608551825569646,-0.000407834061434496,-0.000260757011263408,-0.000160894953981666,-9.65137666848464e-05,-5.65641741778531e-05,-3.25039207561946e-05,-1.83610867995608e-05,-1.02158309466675e-05,-5.60666083720673e-06,-3.03866528967102e-06,-1.62774677096188e-06,-8.62386064799749e-07,-4.52102647127451e-07,-2.34604799105303e-07]';

% Data for Consumption
